An,Bn
1.01577882670263,31.2
1.01577882670263,32.5
1.01577882670263,33.25
1.01577882670263,35.1
1.01577882670263,35.45
1.01577882670263,35.5
1.01577882670263,36.45
1.01577882670263,36.8
1.01577882670263,37.2
1.01577882670263,37.6
1.01577882670263,38.4
1.01577882670263,38.9
1.01577882670263,39.25
1.01577882670263,40.15
1.01577882670263,41.1
1.01577882670263,41.3
1.01577882670263,41.45
1.01577882670263,41.9
1.01577882670263,43.7
1.01577882670263,45.8
1.18220701454234,36.95
1.18220701454234,40.25
1.18220701454234,41.35
1.18220701454234,41.8
1.18220701454234,42.2
1.18220701454234,42.4
1.18220701454234,42.95
1.18220701454234,43.25
1.18220701454234,43.8
1.18220701454234,43.95
1.18220701454234,44.95
1.18220701454234,46.05
1.18220701454234,46.7
1.18220701454234,48
1.18220701454234,48.5
1.18220701454234,49.6
1.18220701454234,50.75
1.18220701454234,51.1
1.18220701454234,52.65
1.18220701454234,53.35
1.19838056680162,34.3
1.19838056680162,34.95
1.19838056680162,35.35
1.19838056680162,36.85
1.19838056680162,37.05
1.19838056680162,39.7
1.19838056680162,40.75
1.19838056680162,41.45
1.19838056680162,41.8
1.19838056680162,43.05
1.19838056680162,43.7
1.19838056680162,44.7
1.19838056680162,45.45
1.19838056680162,47
1.19838056680162,49.25
1.19838056680162,49.3
1.19838056680162,50.3
1.19838056680162,51.9
1.19838056680162,56.4
1.19838056680162,60.5
1.38533270112217,31.6
1.38533270112217,32.15
1.38533270112217,32.5
1.38533270112217,32.65
1.38533270112217,34.15
1.38533270112217,34.95
1.38533270112217,35.15
1.38533270112217,35.35
1.38533270112217,35.5
1.38533270112217,36.35
1.38533270112217,36.65
1.38533270112217,39.7
1.38533270112217,39.75
1.38533270112217,40.05
1.38533270112217,40.55
1.38533270112217,40.7
1.38533270112217,41.2
1.38533270112217,42.55
1.38533270112217,43.65
1.38533270112217,43.8
1.39777587681779,19.65
1.39777587681779,21.4
1.39777587681779,22.65
1.39777587681779,22.9
1.39777587681779,25.15
1.39777587681779,25.7
1.39777587681779,25.85
1.39777587681779,26.75
1.39777587681779,27.1
1.39777587681779,27.5
1.39777587681779,28.2
1.39777587681779,28.25
1.39777587681779,28.35
1.39777587681779,29
1.39777587681779,29.5
1.39777587681779,30.55
1.39777587681779,30.75
1.39777587681779,31.3
1.39777587681779,31.75
1.39777587681779,34.35
1.40350877192982,29.8
1.40350877192982,29.95
1.40350877192982,30.85
1.40350877192982,31.3
1.40350877192982,32.25
1.40350877192982,32.35
1.40350877192982,32.95
1.40350877192982,35.25
1.40350877192982,36
1.40350877192982,36.1
1.40350877192982,36.3
1.40350877192982,36.35
1.40350877192982,36.7
1.40350877192982,36.9
1.40350877192982,38.05
1.40350877192982,38.25
1.40350877192982,40.3
1.40350877192982,41.05
1.40350877192982,51.75
1.56473489519112,35.65
1.56473489519112,36.95
1.56473489519112,37.2
1.56473489519112,37.55
1.56473489519112,37.7
1.56473489519112,37.85
1.56473489519112,38.6
1.56473489519112,40.3
1.56473489519112,40.5
1.56473489519112,40.6
1.56473489519112,40.6
1.56473489519112,40.85
1.56473489519112,40.95
1.56473489519112,41.05
1.56473489519112,43.2
1.56473489519112,43.5
1.56473489519112,44.55
1.56473489519112,45.3
1.56473489519112,46.1
1.56473489519112,49.6
1.69082969432314,48.7
1.69082969432314,49.35
1.69082969432314,49.65
1.69082969432314,49.65
1.69082969432314,49.75
1.69082969432314,49.85
1.69082969432314,51
1.69082969432314,51.25
1.69082969432314,51.6
1.69082969432314,52.1
1.69082969432314,52.15
1.69082969432314,53.3
1.69082969432314,53.6
1.69082969432314,53.9
1.69082969432314,54
1.69082969432314,54.55
1.69082969432314,54.65
1.69082969432314,54.7
1.69082969432314,54.8
1.69082969432314,55.5
1.83056768558952,19.25
1.83056768558952,20.9
1.83056768558952,21.95
1.83056768558952,22.6
1.83056768558952,23
1.83056768558952,23.1
1.83056768558952,23.9
1.83056768558952,23.9
1.83056768558952,24.85
1.83056768558952,25.1
1.83056768558952,25.3
1.83056768558952,25.5
1.83056768558952,25.8
1.83056768558952,26.7
1.83056768558952,27
1.83056768558952,27.4
1.83056768558952,27.55
1.83056768558952,27.65
1.83056768558952,28.4
1.83056768558952,30.1
1.842,33.8
1.842,34.25
1.842,34.65
1.842,34.7
1.842,35.55
1.842,37.35
1.842,37.9
1.842,38.35
1.842,38.45
1.842,38.8
1.842,39
1.842,39.1
1.842,40.3
1.842,40.45
1.842,42.15
1.842,43.25
1.842,44.85
1.842,49.05
1.842,50.95
1.842,53.05
1.85712027817291,22.55
1.85712027817291,25.65
1.85712027817291,27.35
1.85712027817291,27.65
1.85712027817291,29
1.85712027817291,30.75
1.85712027817291,31.9
1.85712027817291,33.35
1.85712027817291,34
1.85712027817291,34
1.85712027817291,35.2
1.85712027817291,36.6
1.85712027817291,37.9
1.85712027817291,37.95
1.85712027817291,37.95
1.85712027817291,38.05
1.85712027817291,39.15
1.85712027817291,41.95
1.85712027817291,42.2
1.85712027817291,42.4
1.94259259259259,21.95
1.94259259259259,23.2
1.94259259259259,23.25
1.94259259259259,23.6
1.94259259259259,23.95
1.94259259259259,25.3
1.94259259259259,25.4
1.94259259259259,25.55
1.94259259259259,25.8
1.94259259259259,26.1
1.94259259259259,26.1
1.94259259259259,26.3
1.94259259259259,26.4
1.94259259259259,26.55
1.94259259259259,26.65
1.94259259259259,27.55
1.94259259259259,27.7
1.94259259259259,29.2
1.95596330275229,23.65
1.95596330275229,27.15
1.95596330275229,27.9
1.95596330275229,30.45
1.95596330275229,30.85
1.95596330275229,31.4
1.95596330275229,32.9
1.95596330275229,33.6
1.95596330275229,33.8
1.95596330275229,34
1.95596330275229,34.55
1.95596330275229,35.6
1.95596330275229,36.05
1.95596330275229,37.2
1.95596330275229,41.5
1.95596330275229,41.9
1.95596330275229,43.85
1.95596330275229,47.2
1.95596330275229,47.45
1.95596330275229,49.1
1.98449089683075,19.3
1.98449089683075,19.7
1.98449089683075,20.05
1.98449089683075,20.1
1.98449089683075,20.6
1.98449089683075,20.75
1.98449089683075,21.07
1.98449089683075,21.55
1.98449089683075,21.7
1.98449089683075,21.85
1.98449089683075,22.5
1.98449089683075,23.1
1.98449089683075,23.3
1.98449089683075,23.85
1.98449089683075,24.1
1.98449089683075,26.45
1.98449089683075,27.25
1.98449089683075,27.45
1.98449089683075,28.25
1.98684210526316,30.2
1.98684210526316,33.25
1.98684210526316,34.3
1.98684210526316,34.65
1.98684210526316,34.75
1.98684210526316,35.25
1.98684210526316,36.15
1.98684210526316,36.2
1.98684210526316,36.9
1.98684210526316,36.9
1.98684210526316,37.3
1.98684210526316,39.6
1.98684210526316,40.7
1.98684210526316,41
1.98684210526316,42.6
1.98684210526316,44.65
1.98684210526316,45.45
1.98684210526316,46.75
1.98684210526316,46.9
1.98684210526316,50.3
2.02395209580838,28.2
2.02395209580838,30.35
2.02395209580838,30.4
2.02395209580838,30.8
2.02395209580838,31.05
2.02395209580838,31.15
2.02395209580838,31.5
2.02395209580838,32.2
2.02395209580838,32.35
2.02395209580838,32.85
2.02395209580838,33.5
2.02395209580838,33.5
2.02395209580838,33.65
2.02395209580838,33.9
2.02395209580838,34.4
2.02395209580838,34.6
2.02395209580838,34.6
2.02395209580838,34.9
2.02395209580838,35
2.02395209580838,35.2
2.10709677419355,37.3
2.10709677419355,38.35
2.10709677419355,38.45
2.10709677419355,39
2.10709677419355,41.15
2.10709677419355,41.5
2.10709677419355,41.75
2.10709677419355,43.3
2.10709677419355,43.4
2.10709677419355,43.9
2.10709677419355,44.05
2.10709677419355,44.75
2.10709677419355,45.3
2.10709677419355,45.35
2.10709677419355,45.9
2.10709677419355,46.3
2.10709677419355,47.55
2.10709677419355,49.35
2.10709677419355,52
2.10709677419355,54
2.11989100817439,15.45
2.11989100817439,16.65
2.11989100817439,17.05
2.11989100817439,17.25
2.11989100817439,18.35
2.11989100817439,19.3
2.11989100817439,19.55
2.11989100817439,19.65
2.11989100817439,19.8
2.11989100817439,19.9
2.11989100817439,20.05
2.11989100817439,20.8
2.11989100817439,22.5
2.11989100817439,24.25
2.11989100817439,24.9
2.11989100817439,25.1
2.11989100817439,25.7
2.11989100817439,25.95
2.11989100817439,26.55
2.11989100817439,27.95
2.16766467065868,11.15
2.16766467065868,12.05
2.16766467065868,12.3
2.16766467065868,12.45
2.16766467065868,13.85
2.16766467065868,14
2.16766467065868,15.15
2.16766467065868,15.35
2.16766467065868,15.35
2.16766467065868,15.8
2.16766467065868,15.9
2.16766467065868,16.65
2.16766467065868,16.85
2.16766467065868,17.85
2.16766467065868,18.35
2.16766467065868,18.6
2.16766467065868,18.7
2.16766467065868,21.45
2.16766467065868,24.2
2.16766467065868,25.05
2.18061674008811,24.35
2.18061674008811,24.65
2.18061674008811,24.65
2.18061674008811,25.8
2.18061674008811,26.5
2.18061674008811,28.6
2.18061674008811,29.5
2.18061674008811,29.7
2.18061674008811,29.95
2.18061674008811,30.45
2.18061674008811,30.8
2.18061674008811,31.35
2.18061674008811,32.4
2.18061674008811,32.5
2.18061674008811,32.9
2.18061674008811,33.75
2.18061674008811,34.4
2.18061674008811,36.95
2.18061674008811,38.5
2.18061674008811,38.55
2.19614147909968,28.35
2.19614147909968,28.85
2.19614147909968,29.05
2.19614147909968,29.3
2.19614147909968,29.45
2.19614147909968,30.4
2.19614147909968,30.95
2.19614147909968,31.3
2.19614147909968,32.25
2.19614147909968,32.35
2.19614147909968,32.45
2.19614147909968,33.25
2.19614147909968,33.5
2.19614147909968,33.75
2.19614147909968,34.35
2.19614147909968,35
2.19614147909968,35.15
2.19614147909968,35.4
2.19614147909968,36.05
2.19614147909968,37.1
2.21111111111111,36.55
2.21111111111111,39.2
2.21111111111111,39.45
2.21111111111111,39.8
2.21111111111111,39.95
2.21111111111111,41.65
2.21111111111111,42.55
2.21111111111111,42.95
2.21111111111111,43.1
2.21111111111111,43.15
2.21111111111111,44.35
2.21111111111111,44.35
2.21111111111111,44.45
2.21111111111111,44.95
2.21111111111111,46
2.21111111111111,47
2.21111111111111,48
2.21111111111111,48.35
2.21111111111111,48.95
2.21111111111111,50.55
2.24858199753391,20.25
2.24858199753391,21.55
2.24858199753391,21.7
2.24858199753391,22.8
2.24858199753391,23.05
2.24858199753391,25.05
2.24858199753391,25.05
2.24858199753391,25.45
2.24858199753391,25.45
2.24858199753391,26.15
2.24858199753391,26.3
2.24858199753391,26.45
2.24858199753391,27.3
2.24858199753391,27.65
2.24858199753391,28
2.24858199753391,28.05
2.24858199753391,28.4
2.24858199753391,29.25
2.24858199753391,29.85
2.24858199753391,30.7
2.34117647058824,40.35
2.34117647058824,41.4
2.34117647058824,41.4
2.34117647058824,41.55
2.34117647058824,41.7
2.34117647058824,42
2.34117647058824,42.1
2.34117647058824,42.35
2.34117647058824,42.8
2.34117647058824,43.45
2.34117647058824,44.65
2.34117647058824,45.25
2.34117647058824,47.05
2.34117647058824,47.8
2.34117647058824,47.85
2.34117647058824,48.55
2.34117647058824,48.9
2.34117647058824,49.65
2.34117647058824,52.55
2.34117647058824,53.9
2.35523978685613,26.45
2.35523978685613,28.25
2.35523978685613,28.3
2.35523978685613,28.65
2.35523978685613,28.65
2.35523978685613,28.65
2.35523978685613,29.15
2.35523978685613,29.35
2.35523978685613,30.7
2.35523978685613,30.95
2.35523978685613,31.2
2.35523978685613,32.05
2.35523978685613,32.55
2.35523978685613,34.05
2.35523978685613,34.25
2.35523978685613,35.4
2.35523978685613,36.2
2.35523978685613,37.65
2.35523978685613,37.65
2.35523978685613,38.05
2.38181818181818,20.25
2.38181818181818,20.5
2.38181818181818,21.3
2.38181818181818,22.4
2.38181818181818,22.55
2.38181818181818,22.75
2.38181818181818,24.3
2.38181818181818,24.3
2.38181818181818,24.75
2.38181818181818,25.45
2.38181818181818,25.55
2.38181818181818,26.9
2.38181818181818,27.95
2.38181818181818,28.7
2.38181818181818,29.25
2.38181818181818,30.55
2.38181818181818,31.8
2.38181818181818,32.2
2.38181818181818,36.55
2.46808510638298,19.75
2.46808510638298,21.05
2.46808510638298,21.75
2.46808510638298,21.95
2.46808510638298,22.7
2.46808510638298,23.45
2.46808510638298,23.65
2.46808510638298,23.95
2.46808510638298,24.05
2.46808510638298,24.1
2.46808510638298,24.65
2.46808510638298,24.65
2.46808510638298,24.95
2.46808510638298,25.35
2.46808510638298,25.65
2.46808510638298,26.1
2.46808510638298,26.15
2.46808510638298,26.55
2.46808510638298,26.75
2.46808510638298,27.15
2.52676659528908,22.55
2.52676659528908,22.7
2.52676659528908,24
2.52676659528908,24.1
2.52676659528908,24.25
2.52676659528908,24.35
2.52676659528908,24.95
2.52676659528908,25.45
2.52676659528908,25.45
2.52676659528908,25.9
2.52676659528908,26.35
2.52676659528908,27.25
2.52676659528908,28.65
2.52676659528908,28.75
2.52676659528908,30.8
2.52676659528908,31.1
2.52676659528908,31.35
2.52676659528908,34.4
2.52676659528908,34.8
2.54477611940298,31.1
2.54477611940298,31.5
2.54477611940298,34.2
2.54477611940298,34.9
2.54477611940298,34.95
2.54477611940298,35.25
2.54477611940298,35.45
2.54477611940298,35.5
2.54477611940298,35.85
2.54477611940298,36.45
2.54477611940298,37.15
2.54477611940298,37.3
2.54477611940298,37.5
2.54477611940298,37.6
2.54477611940298,37.85
2.54477611940298,38
2.54477611940298,39.4
2.54477611940298,39.8
2.54477611940298,40.05
2.54545454545455,28.9
2.54545454545455,28.95
2.54545454545455,29.4
2.54545454545455,32.5
2.54545454545455,32.55
2.54545454545455,32.6
2.54545454545455,32.9
2.54545454545455,33.85
2.54545454545455,33.95
2.54545454545455,34.4
2.54545454545455,35.25
2.54545454545455,35.85
2.54545454545455,36.25
2.54545454545455,37.55
2.54545454545455,38.35
2.54545454545455,38.4
2.54545454545455,38.55
2.54545454545455,38.7
2.54545454545455,38.95
2.54545454545455,40.2
2.58727272727273,21.1
2.58727272727273,21.5
2.58727272727273,22.15
2.58727272727273,23.25
2.58727272727273,23.65
2.58727272727273,23.75
2.58727272727273,23.95
2.58727272727273,24.55
2.58727272727273,24.55
2.58727272727273,25.2
2.58727272727273,25.6
2.58727272727273,25.95
2.58727272727273,26.2
2.58727272727273,26.25
2.58727272727273,26.35
2.58727272727273,26.35
2.58727272727273,27.2
2.58727272727273,27.35
2.58727272727273,28.3
2.58727272727273,29
2.72868217054264,23.7
2.72868217054264,25.25
2.72868217054264,25.65
2.72868217054264,26.2
2.72868217054264,26.35
2.72868217054264,27.25
2.72868217054264,27.45
2.72868217054264,28.7
2.72868217054264,28.9
2.72868217054264,29.15
2.72868217054264,29.25
2.72868217054264,30.1
2.72868217054264,30.35
2.72868217054264,31.6
2.72868217054264,33.5
2.72868217054264,33.65
2.72868217054264,34.95
2.72868217054264,36.15
2.72868217054264,37.4
2.77272727272727,21.9
2.77272727272727,22.75
2.77272727272727,22.9
2.77272727272727,23.2
2.77272727272727,23.3
2.77272727272727,23.4
2.77272727272727,23.4
2.77272727272727,23.5
2.77272727272727,23.6
2.77272727272727,23.75
2.77272727272727,24.45
2.77272727272727,24.5
2.77272727272727,24.6
2.77272727272727,25.2
2.77272727272727,25.35
2.77272727272727,25.7
2.77272727272727,25.85
2.77272727272727,26.9
2.77272727272727,27
2.77272727272727,28.35
2.79141104294479,32.45
2.79141104294479,34.4
2.79141104294479,35.2
2.79141104294479,35.7
2.79141104294479,36.25
2.79141104294479,36.5
2.79141104294479,37.1
2.79141104294479,37.2
2.79141104294479,38.15
2.79141104294479,38.45
2.79141104294479,39.35
2.79141104294479,39.75
2.79141104294479,40.15
2.79141104294479,40.6
2.79141104294479,42.1
2.79141104294479,42.25
2.79141104294479,43.8
2.79141104294479,45.8
2.79141104294479,48.05
2.79141104294479,51
2.8047311827957,40.8
2.8047311827957,44.85
2.8047311827957,48.25
2.8047311827957,50.65
2.8047311827957,51.65
2.8047311827957,52.45
2.8047311827957,52.6
2.8047311827957,53.4
2.8047311827957,55
2.8047311827957,55.6
2.8047311827957,55.8
2.8047311827957,58
2.8047311827957,58.55
2.8047311827957,59.45
2.8047311827957,59.95
2.8047311827957,60.05
2.8047311827957,67.25
2.8047311827957,68.1
2.8047311827957,69.6
2.8125,40.95
2.8125,44.1
2.8125,44.1
2.8125,46.05
2.8125,47.3
2.8125,47.95
2.8125,49.2
2.8125,49.5
2.8125,49.8
2.8125,49.9
2.8125,50.1
2.8125,50.4
2.8125,52.05
2.8125,52.4
2.8125,52.9
2.8125,53.5
2.8125,54.65
2.8125,54.7
2.8125,54.85
2.8125,55.9
2.84141726866185,39.8
2.84141726866185,41.1
2.84141726866185,41.65
2.84141726866185,42.85
2.84141726866185,43.5
2.84141726866185,43.55
2.84141726866185,43.6
2.84141726866185,43.65
2.84141726866185,44.25
2.84141726866185,44.6
2.84141726866185,45.75
2.84141726866185,46.1
2.84141726866185,47.4
2.84141726866185,47.75
2.84141726866185,48.75
2.84141726866185,48.95
2.84141726866185,51.35
2.84141726866185,52.75
2.84141726866185,55.35
2.84565916398714,15.55
2.84565916398714,15.8
2.84565916398714,16.1
2.84565916398714,17
2.84565916398714,17.15
2.84565916398714,18
2.84565916398714,18.4
2.84565916398714,18.5
2.84565916398714,18.6
2.84565916398714,18.85
2.84565916398714,19.5
2.84565916398714,19.75
2.84565916398714,22.25
2.84565916398714,23.45
2.84565916398714,23.65
2.84565916398714,24.8
2.84565916398714,24.95
2.84565916398714,25
2.84565916398714,25.55
2.84565916398714,26.65
2.85337837837838,48.6
2.85337837837838,56.3
2.85337837837838,57.9
2.85337837837838,58.1
2.85337837837838,58.4
2.85337837837838,59.1
2.85337837837838,60.65
2.85337837837838,61.3
2.85337837837838,61.8
2.85337837837838,61.9
2.85337837837838,63.55
2.85337837837838,64.9
2.85337837837838,65.35
2.85337837837838,66.2
2.85337837837838,67.95
2.85337837837838,68.45
2.85337837837838,69.2
2.85337837837838,70.65
2.85337837837838,70.9
2.85337837837838,73.1
2.86363636363636,20.2
2.86363636363636,21.55
2.86363636363636,22.15
2.86363636363636,22.25
2.86363636363636,24.55
2.86363636363636,25.1
2.86363636363636,25.2
2.86363636363636,25.95
2.86363636363636,26
2.86363636363636,26.3
2.86363636363636,26.3
2.86363636363636,26.45
2.86363636363636,26.9
2.86363636363636,26.9
2.86363636363636,28.6
2.86363636363636,29.25
2.86363636363636,29.25
2.86363636363636,29.35
2.86363636363636,30.1
2.86363636363636,31.3
3.0004,29.85
3.0004,30.7
3.0004,30.8
3.0004,32.05
3.0004,32.15
3.0004,32.55
3.0004,32.95
3.0004,33.4
3.0004,33.45
3.0004,34.45
3.0004,35.35
3.0004,35.75
3.0004,36.9
3.0004,38
3.0004,38.1
3.0004,38.45
3.0004,38.8
3.0004,39.6
3.0004,39.7
3.0004,41.2
3.00925925925926,37.15
3.00925925925926,38
3.00925925925926,38.45
3.00925925925926,38.65
3.00925925925926,39
3.00925925925926,39.5
3.00925925925926,39.5
3.00925925925926,39.75
3.00925925925926,39.85
3.00925925925926,39.9
3.00925925925926,40.15
3.00925925925926,40.4
3.00925925925926,40.7
3.00925925925926,40.75
3.00925925925926,41.05
3.00925925925926,42
3.00925925925926,42.25
3.00925925925926,42.65
3.00925925925926,43.65
3.03302752293578,16.95
3.03302752293578,19.5
3.03302752293578,19.9
3.03302752293578,20.55
3.03302752293578,22.25
3.03302752293578,23.6
3.03302752293578,24.2
3.03302752293578,24.4
3.03302752293578,26.9
3.03302752293578,26.95
3.03302752293578,27.1
3.03302752293578,27.3
3.03302752293578,27.6
3.03302752293578,28.75
3.03302752293578,29
3.03302752293578,29.3
3.03302752293578,31.3
3.03302752293578,31.7
3.03302752293578,34.25
3.03302752293578,34.7
3.10706638115632,22.85
3.10706638115632,23.3
3.10706638115632,24.65
3.10706638115632,25.1
3.10706638115632,26.7
3.10706638115632,27.2
3.10706638115632,27.85
3.10706638115632,28.4
3.10706638115632,28.5
3.10706638115632,28.9
3.10706638115632,28.95
3.10706638115632,29.1
3.10706638115632,29.45
3.10706638115632,29.45
3.10706638115632,29.8
3.10706638115632,30.05
3.10706638115632,30.4
3.10706638115632,30.8
3.10706638115632,31
3.21884498480243,14.6
3.21884498480243,15.6
3.21884498480243,16.15
3.21884498480243,17.45
3.21884498480243,17.5
3.21884498480243,17.55
3.21884498480243,18.05
3.21884498480243,18.5
3.21884498480243,18.7
3.21884498480243,19.05
3.21884498480243,19.6
3.21884498480243,20.55
3.21884498480243,20.55
3.21884498480243,21.95
3.21884498480243,22.65
3.21884498480243,23.8
3.21884498480243,24.8
3.22222222222222,22.5
3.22222222222222,25.3
3.22222222222222,25.45
3.22222222222222,26.5
3.22222222222222,30.5
3.22222222222222,32.6
3.22222222222222,33.4
3.22222222222222,34
3.22222222222222,34.2
3.22222222222222,34.6
3.22222222222222,34.95
3.22222222222222,36.95
3.22222222222222,37.1
3.22222222222222,38.55
3.22222222222222,38.6
3.22222222222222,43.25
3.22222222222222,43.4
3.22222222222222,44.55
3.22222222222222,46.45
3.22222222222222,52.7
3.26797385620915,16
3.26797385620915,20.75
3.26797385620915,22.2
3.26797385620915,23.5
3.26797385620915,23.55
3.26797385620915,23.85
3.26797385620915,24.95
3.26797385620915,26.1
3.26797385620915,26.2
3.26797385620915,26.55
3.26797385620915,26.75
3.26797385620915,26.95
3.26797385620915,27.15
3.26797385620915,27.55
3.26797385620915,27.6
3.26797385620915,30.85
3.26797385620915,31.25
3.26797385620915,32.55
3.26797385620915,33.1
3.26797385620915,34.35
3.28761061946903,26.35
3.28761061946903,27.45
3.28761061946903,28.2
3.28761061946903,29.35
3.28761061946903,29.6
3.28761061946903,29.7
3.28761061946903,30
3.28761061946903,30.1
3.28761061946903,30.55
3.28761061946903,30.8
3.28761061946903,30.95
3.28761061946903,31.65
3.28761061946903,32.05
3.28761061946903,32.15
3.28761061946903,32.3
3.28761061946903,32.4
3.28761061946903,32.45
3.28761061946903,32.85
3.28761061946903,35.3
3.28761061946903,36.65
3.44961240310078,11.25
3.44961240310078,12.2
3.44961240310078,12.85
3.44961240310078,13.6
3.44961240310078,15.2
3.44961240310078,15.45
3.44961240310078,15.9
3.44961240310078,16.05
3.44961240310078,16.5
3.44961240310078,16.65
3.44961240310078,16.7
3.44961240310078,16.7
3.44961240310078,17.05
3.44961240310078,17.5
3.44961240310078,17.65
3.44961240310078,18.65
3.44961240310078,18.85
3.44961240310078,19.7
3.44961240310078,20
3.44961240310078,20.7
3.48096885813149,14.9
3.48096885813149,14.9
3.48096885813149,14.95
3.48096885813149,15.2
3.48096885813149,15.8
3.48096885813149,15.9
3.48096885813149,15.95
3.48096885813149,16.2
3.48096885813149,16.35
3.48096885813149,16.9
3.48096885813149,17.05
3.48096885813149,17.05
3.48096885813149,17.7
3.48096885813149,17.75
3.48096885813149,18.25
3.48096885813149,18.6
3.48096885813149,18.75
3.48096885813149,19.15
3.48096885813149,19.65
3.48571428571429,29.55
3.48571428571429,30.25
3.48571428571429,31.1
3.48571428571429,32.05
3.48571428571429,33.45
3.48571428571429,33.7
3.48571428571429,33.8
3.48571428571429,33.9
3.48571428571429,34.45
3.48571428571429,34.5
3.48571428571429,34.8
3.48571428571429,35.95
3.48571428571429,36.25
3.48571428571429,36.6
3.48571428571429,36.75
3.48571428571429,37.3
3.48571428571429,37.7
3.48571428571429,37.75
3.48571428571429,37.75
3.48571428571429,37.85
3.64735516372796,29.65
3.64735516372796,31.1
3.64735516372796,31.35
3.64735516372796,32.45
3.64735516372796,33.8
3.64735516372796,33.85
3.64735516372796,34
3.64735516372796,35.05
3.64735516372796,35.85
3.64735516372796,36.1
3.64735516372796,36.25
3.64735516372796,37.2
3.64735516372796,40.8
3.64735516372796,42.5
3.64735516372796,42.7
3.64735516372796,44.85
3.64735516372796,45.45
3.64735516372796,46
3.64735516372796,46.75
3.64735516372796,47.15
3.68787878787879,14.65
3.68787878787879,17.5
3.68787878787879,18.95
3.68787878787879,19.75
3.68787878787879,19.85
3.68787878787879,20.4
3.68787878787879,20.75
3.68787878787879,21.15
3.68787878787879,21.45
3.68787878787879,23.05
3.68787878787879,23.2
3.68787878787879,23.45
3.68787878787879,23.45
3.68787878787879,23.6
3.68787878787879,24.45
3.68787878787879,24.7
3.68787878787879,25.75
3.68787878787879,27.3
3.68787878787879,28
3.68787878787879,28.6
3.70693641618497,27
3.70693641618497,27.45
3.70693641618497,28
3.70693641618497,28.05
3.70693641618497,28.1
3.70693641618497,28.9
3.70693641618497,28.95
3.70693641618497,29
3.70693641618497,29.3
3.70693641618497,29.4
3.70693641618497,29.4
3.70693641618497,29.45
3.70693641618497,29.85
3.70693641618497,30.7
3.70693641618497,31.85
3.70693641618497,32.05
3.85882352941176,33.25
3.85882352941176,33.35
3.85882352941176,34.5
3.85882352941176,35.05
3.85882352941176,35.55
3.85882352941176,37.65
3.85882352941176,38.4
3.85882352941176,38.4
3.85882352941176,38.8
3.85882352941176,39.15
3.85882352941176,39.25
3.85882352941176,39.75
3.85882352941176,39.8
3.85882352941176,39.85
3.85882352941176,41.25
3.85882352941176,42.55
3.85882352941176,42.65
3.85882352941176,43.2
3.85882352941176,43.7
3.85882352941176,44.7
3.8962962962963,27
3.8962962962963,27.85
3.8962962962963,27.9
3.8962962962963,28.8
3.8962962962963,28.9
3.8962962962963,29.45
3.8962962962963,29.95
3.8962962962963,30.4
3.8962962962963,30.55
3.8962962962963,30.85
3.8962962962963,31.25
3.8962962962963,31.85
3.8962962962963,32.2
3.8962962962963,33
3.8962962962963,34
3.8962962962963,34.15
3.8962962962963,35.25
3.8962962962963,35.4
3.8962962962963,35.8
3.8962962962963,35.9
3.91119005328597,32.8
3.91119005328597,33.25
3.91119005328597,33.65
3.91119005328597,34.15
3.91119005328597,34.2
3.91119005328597,34.45
3.91119005328597,34.85
3.91119005328597,35.45
3.91119005328597,36.1
3.91119005328597,37.75
3.91119005328597,37.8
3.91119005328597,37.9
3.91119005328597,38.3
3.91119005328597,38.55
3.91119005328597,39.2
3.91119005328597,39.25
3.91119005328597,39.3
3.91119005328597,39.5
3.91119005328597,40.7
3.91119005328597,46.05
3.93118279569893,10.45
3.93118279569893,23.05
3.93118279569893,23.6
3.93118279569893,24.7
3.93118279569893,27.05
3.93118279569893,27.45
3.93118279569893,28.55
3.93118279569893,29.9
3.93118279569893,34.2
3.93118279569893,34.3
3.93118279569893,35
3.93118279569893,36.25
3.93118279569893,36.65
3.93118279569893,40.1
3.93118279569893,44.05
3.93118279569893,44.75
3.93118279569893,49
3.93118279569893,49.35
3.93118279569893,52
3.93118279569893,59.85
3.99135446685879,28.9
3.99135446685879,29.25
3.99135446685879,29.45
3.99135446685879,30.25
3.99135446685879,30.85
3.99135446685879,31.05
3.99135446685879,31.45
3.99135446685879,31.9
3.99135446685879,32.95
3.99135446685879,33.1
3.99135446685879,33.35
3.99135446685879,33.4
3.99135446685879,34.15
3.99135446685879,34.25
3.99135446685879,34.7
3.99135446685879,35.15
3.99135446685879,35.35
3.99135446685879,35.9
3.99135446685879,38.25
3.99135446685879,39.25
4.02453987730061,32.15
4.02453987730061,35.85
4.02453987730061,36.5
4.02453987730061,37.75
4.02453987730061,39.45
4.02453987730061,39.6
4.02453987730061,39.65
4.02453987730061,39.9
4.02453987730061,39.95
4.02453987730061,40.25
4.02453987730061,40.85
4.02453987730061,41.7
4.02453987730061,42.4
4.02453987730061,43.05
4.02453987730061,43.4
4.02453987730061,45.05
4.02453987730061,45.05
4.02453987730061,45.25
4.02453987730061,46.7
4.02453987730061,47.2
4.04504504504505,20
4.04504504504505,21.5
4.04504504504505,25.25
4.04504504504505,27.3
4.04504504504505,29.15
4.04504504504505,29.6
4.04504504504505,29.7
4.04504504504505,29.85
4.04504504504505,31.35
4.04504504504505,32.7
4.04504504504505,33.05
4.04504504504505,34.25
4.04504504504505,37
4.04504504504505,37.05
4.04504504504505,38.15
4.04504504504505,38.2
4.04504504504505,38.65
4.04504504504505,47.35
4.04504504504505,48.9
4.04504504504505,49.65
4.10469314079422,15.1
4.10469314079422,16.05
4.10469314079422,16.25
4.10469314079422,16.3
4.10469314079422,16.35
4.10469314079422,16.45
4.10469314079422,16.8
4.10469314079422,17.1
4.10469314079422,19.25
4.10469314079422,19.45
4.10469314079422,19.8
4.10469314079422,19.9
4.10469314079422,19.95
4.10469314079422,20.2
4.10469314079422,20.55
4.10469314079422,20.55
4.10469314079422,21.1
4.10469314079422,21.45
4.10469314079422,21.85
4.10469314079422,22.8
4.16236670106639,15.8
4.16236670106639,15.95
4.16236670106639,16.65
4.16236670106639,18.8
4.16236670106639,19.3
4.16236670106639,19.4
4.16236670106639,19.4
4.16236670106639,20
4.16236670106639,21.2
4.16236670106639,21.35
4.16236670106639,21.45
4.16236670106639,21.9
4.16236670106639,24.05
4.16236670106639,25.85
4.16236670106639,26.5
4.16236670106639,27.55
4.16236670106639,29.55
4.16236670106639,30.15
4.16236670106639,31.8
4.16236670106639,32.85
4.1992337164751,33
4.1992337164751,33.7
4.1992337164751,34.65
4.1992337164751,35.2
4.1992337164751,36.55
4.1992337164751,37.25
4.1992337164751,39.15
4.1992337164751,39.8
4.1992337164751,41.05
4.1992337164751,41.75
4.1992337164751,42.3
4.1992337164751,42.55
4.1992337164751,42.7
4.1992337164751,43.15
4.1992337164751,43.4
4.1992337164751,43.45
4.1992337164751,44.25
4.1992337164751,44.3
4.1992337164751,45.1
4.1992337164751,48.85
4.23173803526448,17.75
4.23173803526448,19.4
4.23173803526448,19.85
4.23173803526448,21.25
4.23173803526448,21.3
4.23173803526448,21.65
4.23173803526448,22.15
4.23173803526448,22.7
4.23173803526448,22.9
4.23173803526448,23.05
4.23173803526448,23.1
4.23173803526448,23.4
4.23173803526448,23.9
4.23173803526448,24.6
4.23173803526448,25.25
4.23173803526448,25.4
4.45009784735812,24.55
4.45009784735812,25.1
4.45009784735812,25.15
4.45009784735812,25.5
4.45009784735812,25.8
4.45009784735812,26.5
4.45009784735812,26.95
4.45009784735812,27.2
4.45009784735812,27.35
4.45009784735812,27.6
4.45009784735812,27.6
4.45009784735812,27.65
4.45009784735812,27.65
4.45009784735812,27.95
4.45009784735812,28.2
4.45009784735812,28.25
4.45009784735812,28.45
4.45009784735812,28.55
4.45009784735812,29.95
4.52761904761905,23.85
4.52761904761905,29.95
4.52761904761905,31.65
4.52761904761905,31.8
4.52761904761905,32.05
4.52761904761905,34.05
4.52761904761905,34.2
4.52761904761905,34.25
4.52761904761905,34.4
4.52761904761905,37
4.52761904761905,37.25
4.52761904761905,38.2
4.52761904761905,42.1
4.52761904761905,44.1
4.52761904761905,44.45
4.52761904761905,44.85
4.52761904761905,48.85
4.52761904761905,49.2
4.52761904761905,51.6
4.52761904761905,57.35
4.60981912144703,25
4.60981912144703,26.1
4.60981912144703,27.4
4.60981912144703,28.1
4.60981912144703,28.1
4.60981912144703,28.65
4.60981912144703,30.25
4.60981912144703,30.6
4.60981912144703,30.85
4.60981912144703,31
4.60981912144703,31.05
4.60981912144703,31.05
4.60981912144703,31.95
4.60981912144703,32
4.60981912144703,32.25
4.60981912144703,32.35
4.60981912144703,32.6
4.60981912144703,35.35
6.01038062283737,40.05
6.01038062283737,40.45
6.01038062283737,40.8
6.01038062283737,41.2
6.01038062283737,41.8
6.01038062283737,41.95
6.01038062283737,41.95
6.01038062283737,42.1
6.01038062283737,42.2
6.01038062283737,43.1
6.01038062283737,43.25
6.01038062283737,43.35
6.01038062283737,44.6
6.01038062283737,45.1
6.01038062283737,45.4
6.01038062283737,45.55
6.01038062283737,47.6
6.01038062283737,49.75
6.01038062283737,51.2
6.01038062283737,51.45
6.30508474576271,17.05
6.30508474576271,17.35
6.30508474576271,18.2
6.30508474576271,19.2
6.30508474576271,19.4
6.30508474576271,20
6.30508474576271,20.4
6.30508474576271,20.85
6.30508474576271,21.05
6.30508474576271,21.15
6.30508474576271,21.2
6.30508474576271,21.25
6.30508474576271,21.3
6.30508474576271,21.85
6.30508474576271,22.1
6.30508474576271,22.6
6.30508474576271,23.05
6.30508474576271,23.3
6.30508474576271,23.4
6.30508474576271,26.65
8.95953757225434,14.05
8.95953757225434,14.95
8.95953757225434,15.65
8.95953757225434,15.95
8.95953757225434,19.15
8.95953757225434,20.1
8.95953757225434,20.9
8.95953757225434,21.05
8.95953757225434,21.85
8.95953757225434,22.1
8.95953757225434,22.35
8.95953757225434,24.2
8.95953757225434,25.9
8.95953757225434,26.75
8.95953757225434,27.3
8.95953757225434,28.3
8.95953757225434,28.6
8.95953757225434,29
8.95953757225434,29.7
8.95953757225434,31.15
